0 0.69296875 0.513671875 0.0953125 0.2578125
1 0.078125 0.5400390625 0.146875 0.345703125
1 0.21171875 0.5380859375 0.1078125 0.330078125
1 0.340625 0.5078125 0.1375 0.28515625
1 0.4984375 0.4794921875 0.06875 0.111328125
1 0.5859375 0.5029296875 0.084375 0.224609375
1 0.8859375 0.611328125 0.221875 0.41796875
4 0.56796875 0.220703125 0.0984375 0.26171875
4 0.771875 0.1826171875 0.240625 0.326171875
0 0.6734375 0.5087890625 0.0375 0.216796875
0 0.72109375 0.5107421875 0.0328125 0.205078125
4 0.0375 0.1533203125 0.071875 0.306640625
3 0.29609375 0.1123046875 0.1078125 0.138671875
3 0.36484375 0.3427734375 0.0453125 0.283203125
3 0.39453125 0.30078125 0.0359375 0.109375
3 0.41796875 0.3310546875 0.0265625 0.095703125
3 0.89296875 0.3369140625 0.0390625 0.111328125
3 0.2078125 0.228515625 0.096875 0.17578125
0 0.6125 0.5 0.19375 0.0546875
