1 0.7745098039215687 0.5036764705882353 0.21568627450980393 0.10049019607843138
1 0.39052287581699346 0.3860294117647059 0.1568627450980392 0.08088235294117647
1 0.6119281045751634 0.20955882352941177 0.12908496732026145 0.07598039215686274
1 0.7924836601307189 0.1568627450980392 0.1111111111111111 0.05392156862745098
1 0.3946078431372549 0.0821078431372549 0.1323529411764706 0.08088235294117647
1 0.0915032679738562 0.2818627450980392 0.12091503267973856 0.09313725490196079
1 0.7254901960784313 0.2757352941176471 0.24509803921568626 0.02696078431372549
1 0.9060457516339869 0.3872549019607843 0.07679738562091504 0.14215686274509803
1 0.19117647058823528 0.6188725490196079 0.00980392156862745 0.14950980392156862
1 0.33905228758169936 0.7781862745098039 0.2173202614379085 0.23774509803921567
1 0.8014705882352942 0.8198529411764706 0.18790849673202614 0.14460784313725492
1 0.6919934640522876 0.6568627450980392 0.14869281045751634 0.12254901960784313
1 0.2173202614379085 0.13970588235294118 0.12418300653594772 0.1323529411764706
1 0.7589869281045751 0.06004901960784314 0.10294117647058823 0.09558823529411764
1 0.05800653594771242 0.5049019607843137 0.10947712418300654 0.3431372549019608
1 0.3839869281045752 0.2340686274509804 0.08823529411764706 0.1053921568627451
